100 500000000
4139643
595028
4012527
4518606
3640648
2970190
2278028
1429955
146409
1891209
2673793
2838791
3347305
4707728
973811
212816
4285789
3226925
1854156
1198340
244924
48927
4208308
741289
2639492
456400
4753876
2825663
2065671
1220538
278958
1628635
3144032
4889270
4045029
3400991
3933427
4090180
303647
1385175
3375422
4256614
2959096
3546183
65535
2953925
1649418
1531921
19840
1231726
2995890
2700061
3074382
1873334
739901
4652541
647923
152157
723122
4928898
1941093
1843544
3607229
2104825
420141
1958637
471876
1384087
1203822
4618576
4501009
3386658
4712537
1694305
4481327
4323030
4156822
2004948
1712451
1465022
3058617
1280850
3958841
2639186
16345
2984531
929817
878058
3585097
650270
2528143
1405920
4164572
548396
4605500
2916660
1589248
1034963
2162475
4612174
