1000 50000000
2187237
282172
815610
507606
1654999
1553647
2246568
2327187
648310
1871980
760354
1826059
1100664
645087
2194464
764171
1002517
846010
511840
1566437
755453
1243989
2185278
90150
1072679
326791
1162042
1161244
738739
1833476
2286586
655209
2057415
319840
1407123
2203055
475662
2499253
1314688
745044
2251121
940764
740126
743871
1791033
630695
1000998
1173981
1292699
513583
684341
1772323
1164640
595509
2187635
2004340
1289150
1360009
2344651
922476
1729326
1869234
141600
1502126
467582
1017422
35756
1501131
1039594
691671
306049
108722
576439
2326802
2441473
1269115
1561561
416779
2162477
1322572
1998152
1329987
738921
2220327
2158890
785086
2375772
1284729
1418801
2311266
948596
2295965
2273137
1840648
754643
2469496
890054
1524317
1512140
1833128
1229211
1276846
1218187
1195859
85174
256430
1660817
1259994
423227
1798008
2129115
321569
1564755
1439941
2118491
2410340
776476
1275274
1947810
528485
2403555
1323563
2413416
2055876
1168916
1977200
78913
1117245
1448950
444041
1608712
1788398
1006869
1271527
1430119
2289803
1869716
2256009
486818
555235
240190
853585
2061744
1782246
1909687
1728826
1456347
1035326
2464984
975909
1155685
1657067
842708
459012
422121
111593
1814629
2059657
2060933
429768
1719252
755062
899471
1931234
181987
1222684
31273
1731976
7204
565714
62549
2051154
2271050
1547537
714057
595028
1862795
1228925
161365
1487807
77458
2178890
1999464
2258864
2364288
1501136
1205483
407665
2202682
2425768
2210538
1460906
466572
2353358
435051
2264309
272608
1539832
1234490
726339
2432286
1234537
1434244
633192
911984
85800
2023915
2008737
982775
1558554
208693
1026654
1929706
1129664
1962613
879098
2091023
1757047
60638
1677836
430152
1998968
372534
609001
1829318
2319481
2146699
447115
1827243
1854479
59997
2291402
853842
1629028
2436419
333625
2374040
2005307
695077
124333
1616200
1543569
835500
1947252
2114557
2425243
547648
2241406
1040528
1882657
971087
1046343
1542298
2026583
2371051
2359499
1794654
299907
327172
2459824
1095072
296161
822006
1417652
2092418
288323
537515
1896346
993212
2488351
2277591
1162896
1331051
1597071
2102167
1800514
2202495
525781
2438419
1530701
1013866
2208019
370129
616979
2435461
815538
1263569
2359079
1536788
2315380
2479900
1966820
1695786
570197
2407050
1917446
2056178
1609241
430812
1150928
1693628
1126969
333016
1837260
870463
2437038
750981
33449
135216
974833
2248271
886464
1928855
2211567
1990051
342969
1054753
2262147
603865
1172946
88362
1454799
7662
2163622
1080505
267895
1639247
253675
837732
179489
609892
1371196
2446771
1582362
239326
666771
925034
2471540
1591390
851854
1434354
1507701
238994
724395
756150
660724
1544949
2046599
379133
2166196
1610212
586156
2013012
1846517
1890255
2294728
1589694
129049
220009
1164218
2284492
1265058
606854
525225
2175377
1074017
2000671
484927
147124
1681617
625446
1681678
1224446
1113676
1555203
1903431
918659
1111479
1712046
926748
1526260
1785014
1931721
2265742
587472
892187
1207284
95479
1557562
1581549
1859414
1071114
1796547
377384
2431328
86333
1474765
553139
2196189
2181110
1552025
1232475
165894
1892299
963196
1051648
1842831
2246272
318093
1586437
1087251
1324694
383398
1091045
1535805
730075
1489790
1112815
291677
680619
848663
2005093
1895888
594426
732034
537319
1190736
1309765
1404634
1868512
1786888
1533279
1680095
2295339
720083
531257
792631
1748028
1358519
529768
2064074
340734
1249517
1294978
46570
576672
1056117
1638793
245266
1240145
617169
307736
1738046
947378
1392470
313285
1838067
572790
2401593
2309408
1123139
67610
755748
753230
1125774
499042
1948237
586925
256787
961925
1684018
710141
9969
566263
750189
2202153
2436969
2314158
2110352
556692
369645
33748
1364783
1634999
1273390
1859329
1906640
391373
1009486
2334764
1823596
1460948
1675354
1374264
735699
306481
503494
734590
701806
172745
746757
329789
2025169
1353471
722219
807572
890100
1066142
1646768
1215095
2295737
1623496
884305
1826973
1387853
1109177
2015599
850486
1267253
1166663
702853
955809
1945198
1983382
335925
51923
2376150
2133951
1541330
380605
784491
839214
1173191
2174398
2333675
1982582
476748
2431208
35385
1278444
1738502
294402
972465
1793618
1742521
148667
1516478
1101999
1516331
1970832
390483
2152684
2344707
368844
1574776
837561
2442525
854658
276725
568485
2297282
1897468
657817
214852
288784
1644730
365632
1057255
1575052
1292754
2340942
2440675
1525799
598390
764211
1650509
1591725
2188844
913406
2105918
309025
1750755
1773971
1910345
1291007
925437
2013957
353438
1051657
570106
955943
1758807
2241245
111857
937145
1937456
948008
480341
866138
1016161
481172
869244
2282406
2176137
767601
133686
2486841
685518
363228
985272
1829392
1220459
1146017
1921879
1804543
714728
1164431
1367391
1726036
1131267
1076049
1860747
726645
1124952
1155130
644619
1148821
1622840
2075742
61386
1072446
2491076
2254366
1545050
2460412
1178307
851621
2089887
1179044
43701
1668267
1831439
903978
1768103
2056632
1895524
2448267
1367838
2215746
1993460
2291181
426538
1666919
310399
2156065
1875888
933847
2368178
2379407
2479932
17345
2061090
2150246
1675545
55492
2104580
858713
1117546
518482
2420742
1827362
515833
1885747
492838
1430458
1449438
326064
2361237
1332725
1846304
2163829
722389
830921
134033
739338
1674007
875820
2311666
1942441
1064066
1118304
489307
119857
2005460
6992
515705
2211130
500217
977047
123825
348341
1546552
302033
237273
1098382
915255
1076199
1067944
840577
2322176
1177715
804906
249799
2377740
698040
2091449
1303006
778025
1639293
2028112
1417178
1855209
333635
1081445
1307834
933095
1587585
2062942
1645026
1283545
1406061
2204665
671334
1019637
2131594
318244
2434488
345854
2489344
2216434
37095
787752
1729841
1046125
2316723
1738135
1204039
2348470
621184
66816
39878
689991
343545
932041
1789432
967113
2146951
1012299
2109352
1007632
473858
1550502
1558767
1122846
1730071
1983504
1853953
1448302
2355642
1240887
79224
532495
2289753
1883483
397469
473570
1157824
1580227
371522
1090300
537120
2021141
2095817
1512522
112818
1400880
20203
72867
2298873
1595737
472649
2378547
1049980
1704990
102774
1847297
2316352
1832043
1976529
242969
684745
567516
635765
1675239
1527968
1449485
1779560
2011574
1752479
476553
1582787
2195791
1935345
2317620
83426
1364566
135172
2220251
366970
1492649
454939
2367569
578687
1049781
1512064
320960
1820872
875803
1389087
581783
2240317
2169989
756085
2383843
296559
1273058
854665
85465
2263474
162389
1558648
2215825
2476141
653137
337861
472372
2207526
1818746
1246840
2029425
1275866
1901944
1504734
1710392
1660262
1355133
625160
562337
1397851
542442
96678
1558836
1634554
55933
2450659
2056733
532186
1780791
2277376
816862
1694379
29626
1417
1055242
377947
1745645
96287
1472793
1851666
1374602
1046870
395908
1446848
2382022
1278086
2155989
409660
1534776
594760
2272082
1390591
1588091
1562550
2481480
1437906
1485161
1928419
2175315
2199948
2498108
2249989
2014619
1309595
1822239
490386
2469226
1577312
1421128
242538
2396206
2174375
169225
2102266
327402
1622403
2110541
583624
521361
1247947
998695
1429575
1384216
225406
1302686
195923
2039108
997227
1661076
2191300
1190082
685281
1522642
2315741
1117553
1471654
1161193
1567479
829615
1804722
1935086
1698096
1817929
837210
959515
1483819
734146
294181
1640951
1829660
2417555
56237
319726
458165
225263
1018568
1850095
492922
361695
1741134
1761539
1293612
1411166
91681
793683
962063
1167549
1280823
1029653
593323
1527576
2265611
1100704
2238063
730305
1880593
1934413
1058227
1966762
2264727
1178321
1286739
281760
1082485
265471
2259744
1791780
2237141
714630
1134616
1692148
2445965
1845819
1841995
147787
2248999
1220641
508565
253819
164704
2473
